OPERATOR_ID=0.0.7170385
OPERATOR_KEY=3030020100300706052b8104000a042204203c3907f22d6ad8d231de878a309a21c28927c6308d01bf53b5f90d0f8278990b
CONTRACT_ID=0.0.7173549
TOKEN_ID=